94
62
19
7
43
57
14
54
69
94
48
72
71
80
43
99
73
89
97
41
21
2
88
2
80
34
12
87
81
75
68
53
24
6
82
22
68
98
86
7
55
21
9
35
77
86
29
84
33
10
21
44
95
26
68
67
9
83
90
16
61
55
66
42
71
49
76
1
13
27
70
50
83
10
3
44
61
77
68
25
36
31
95
81
77
57
30
53
29
69
0
97
2
31
23
12
75
1
10
97
87
96
23
60
56
90
97
85
88
86
20
93
49
0
2
60
9
46
58
44
33
28
52
92
7
94
27
20
19
79
43
89
74
54
80
60
27
17
89
60
64
88
85
93
37
33
71
25
60
74
57
35
84
16
31
11
83
80
39
93
72
68
69
92
75
13
57
23
48
34
65
52
54
20
16
65
76
50
50
17
91
44
57
47
71
25
25
1
88
30
26
76
49
42
6
56
44
3
18
64
78
23
5
65
50
61
92
9
13
98
46
86
24
9
72
83
49
75
94
71
77
91
68
13
75
54
11
25
59
39
68
53
70
79
67
28
9
59
50
48
77
31
41
98
52
28
54
56
99
81
53
31
90
72
62
23
50
56
52
17
62
10
86
0
55
93
33
51
1
67
41
62
71
71
93
44
96
9
5
34
65
5
67
83
63
76
95
35
17
4
88
49
91
2
12
9
85
11
92
64
83
24
53
77
7
79
95
84
50
96
91
40
45
21
36
13
72
83
71
81
96
5
25
78
0
34
11
86
49
31
56
13
20
7
62
87
59
56
86
2
84
75
8
12
98
19
4
31
88
74
2
72
4
25
13
7
59
63
82
69
39
46
45
16
82
67
56
65
0
44
0
42
85
83
10
27
22
21
15
24
29
44
45
90
56
55
81
75
70
80
69
34
38
68
90
88
7
40
76
10
61
80
75
9
88
94
79
48
53
40
72
44
22
50
83
36
37
82
64
45
47
54
32
46
3
46
97
90
13
91
25
47
3
32
16
37
75
83
98
61
0
44
68
23
99
19
12
65
67
67
12
58
56
76
8
97
29
65
92
28
50
75
24
0
1
36
99
92
32
43
43
42
83
21
51
14
72
31
41
15
89
43
35
31
87
99
56
3
57
0
80
76
84
57
96
44
52
79
76
85
41
69
11
37
73
91
69
12
81
99
65
82
28
40
90
97
35
21
48
95
59
82
68
60
25
16
69
96
99
27
34
4
97
42
5
76
19
73
1
44
67
90
72
96
99
55
57
98
24
29
49
26
10
27
17
62
3
77
67
32
76
38
10
34
60
85
85
96
92
57
9
4
28
41
82
7
82
44
47
56
53
80
34
95
6
46
52
41
12
26
42
23
7
82
40
25
85
22
52
76
9
62
39
99
45
63
32
19
31
3
62
34
96
28
59
12
56
33
99
49
67
50
71
30
45
53
72
54
62
50
0
29
21
63
80
74
42
85
33
57
51
32
8
64
8
13
52
14
19
6
86
95
71
6
73
45
98
73
26
90
78
16
71
15
80
9
31
27
11
46
13
33
37
66
98
95
37
26
66
32
20
31
19
37
18
24
53
95
9
32
97
92
9
20
5
49
88
93
74
36
85
70
5
51
42
15
44
69
3
99
56
68
55
26
24
33
27
80
65
1
62
51
22
20
67
51
44
48
47
69
47
75
58
46
63
58
89
58
13
88
26
13
62
35
87
24
46
58
18
61
47
38
2
2
37
30
32
69
54
11
13
38
87
10
7
77
5
47
44
90
18
75
10
31
69
52
25
1
45
75
31
47
86
4
77
5
30
67
92
5
78
84
95
4
65
0
32
47
55
78
75
92
39
93
55
9
64
84
76
9
29
99
81
75
87
40
78
43
60
13
71
71
65
69
96
15
43
1
22
65
3
22
15
37
36
29
41
68
31
75
12
40
77
43
10
92
37
77
34
54
8
70
49
79
78
58
69
27
67
98
95
94
75
76
51
67
1
76
64
55
2
37
95
78
78
4
61
19
64
97
80
81
50
93
90
14
33
21
54
87
34
77
21
95
3
35
60
23
97
87
36
11
70
93
50
98
32
47
62
66
56
41
29
91
98
26
2
84
58
63
78
9
60
88
14
79
61
97
62
89
33
87
85
67
70
11
32
94
71
23
77
0
54
1
40
38
84
25
49
56
49
31
41
3
57
66
64
91
67
72
0
25
25
18
71
72
82
85
7
92
6
71
26
71
13
76
62
52
95
30
63
30
79
55
16
3
48
87
81
94
28
20
66
38
57
90
46
81
90
81
